TS time deltat Energy Dissipation Trd volume area area_n Epress E1 E_tension1 P_tension1 E_elastic pressure Zmax stress strain Diss1 Diss2
5 0.000510204 0.000105154 1.10993e-07 0.425268 0.000256101 0.000435684 0.784629 0.784623 -0.000524566 3.2091e-06 0 0.136298 8.73222e-09 -1.20454 1 0 0 2.57754e-08 4.57899e-07
10 0.0010467 0.000110573 1.21289e-07 0.407384 0.000256105 0.000871367 0.784642 0.784623 -0.00116958 6.76066e-06 0 0.235837 9.32326e-09 -1.34358 1 0 0 2.93493e-08 9.92215e-07
15 0.00161085 0.000116271 1.58756e-07 0.381362 0.000256111 0.00130705 0.784662 0.784623 -0.00190536 1.05742e-05 0 0.324324 1.14882e-08 -1.46003 1 0 0 4.22951e-08 1.58141e-06
20 0.00220407 0.000122263 2.52266e-07 0.352143 0.000256119 0.00174273 0.784689 0.784623 -0.00272643 1.48029e-05 0 0.406221 1.69193e-08 -1.56776 1 0 0 7.44581e-08 2.24414e-06
25 0.00282786 0.000128564 4.42712e-07 0.322267 0.00025613 0.00217842 0.784724 0.784623 -0.00363291 1.95863e-05 0 0.481861 2.80271e-08 -1.67214 1 0 0 1.39704e-07 2.99877e-06
30 0.0034838 0.00013519 7.83552e-07 0.293266 0.000256143 0.0026141 0.784766 0.784623 -0.00462721 2.50373e-05 0 0.55081 4.79766e-08 -1.77581 1 0 0 2.56078e-07 3.86059e-06
35 0.00416935 0.000139328 1.34116e-06 0.275352 0.000256158 0.00304979 0.784816 0.784623 -0.005758 3.13174e-05 0 0.626382 8.07057e-08 -1.89516 1 0 0 4.45931e-07 4.85296e-06
40 0.0048802 0.000146508 2.19427e-06 0.250165 0.000256176 0.00348547 0.784874 0.784623 -0.0069468 3.84224e-05 0 0.681732 1.30892e-07 -2.00174 1 0 0 7.35726e-07 5.97461e-06
45 0.0056277 0.000154059 3.43317e-06 0.226513 0.000256196 0.00392115 0.784939 0.784623 -0.00822977 4.62908e-05 0 0.730789 2.03919e-07 -2.10912 1 0 0 1.15568e-06 7.2162e-06
50 0.00641371 0.000161998 5.16118e-06 0.204852 0.000256219 0.00435684 0.785013 0.784623 -0.00961182 5.49856e-05 0 0.773603 3.05945e-07 -2.21822 1 0 0 1.74039e-06 8.58692e-06
55 0.00724023 0.000170347 7.49374e-06 0.185161 0.000256244 0.00479252 0.785094 0.784623 -0.0110961 6.45298e-05 0 0.810513 4.43851e-07 -2.32926 1 0 0 2.52844e-06 1.009e-05
60 0.00810935 0.000179126 1.05583e-05 0.167323 0.000256271 0.0052282 0.785182 0.784623 -0.0126852 7.49345e-05 0 0.841931 6.25239e-07 -2.4423 1 0 0 3.56239e-06 1.1727e-05
65 0.00902325 0.000188357 1.44944e-05 0.15119 0.000256301 0.00566389 0.785279 0.784623 -0.0143814 8.62057e-05 0 0.868278 8.58429e-07 -2.55732 1 0 0 4.88879e-06 1.34986e-05
70 0.00998426 0.000198065 1.94535e-05 0.136609 0.000256333 0.00609957 0.785383 0.784623 -0.0161871 9.83465e-05 0 0.889969 1.15245e-06 -2.6743 1 0 0 6.55808e-06 1.5405e-05
75 0.0109948 0.000208272 2.55987e-05 0.123436 0.000256368 0.00653525 0.785495 0.784623 -0.0181041 0.000111358 0 0.907393 1.51705e-06 -2.79317 1 0 0 8.62459e-06 1.74463e-05
80 0.0120574 0.000219005 3.31052e-05 0.111535 0.000256405 0.00697094 0.785615 0.784623 -0.0201344 0.000125242 0 0.920918 1.96267e-06 -2.9139 1 0 0 1.11465e-05 1.96223e-05
85 0.0131748 0.000230292 4.216e-05 0.100783 0.000256444 0.00740662 0.785743 0.784623 -0.0222799 0.000139998 0 0.930886 2.50046e-06 -3.03643 1 0 0 1.41859e-05 2.19329e-05
85 0.0131748 0.000227989 4.216e-05 0 0.000256444 0.00740662 0.785743 0.784623 0 0.000139989 0 0 2.50046e-06 -3.03643 1 0 0 1.41859e-05 2.19329e-05
90 0.014338 0.000239739 5.29599e-05 0.0928503 0.000256486 0.00784231 0.785878 0.784623 -0.0245799 0.000155715 0 0.94712 3.14207e-06 -3.16556 1 0 0 1.78086e-05 2.43917e-05
95 0.0155611 0.000252094 6.57175e-05 0.0839554 0.00025653 0.00827799 0.786021 0.784623 -0.0269621 0.000172231 0 0.950907 3.90033e-06 -3.29144 1 0 0 2.2084e-05 2.69728e-05
100 0.016837 0.000262435 8.06516e-05 0.0773515 0.000256577 0.00871367 0.786171 0.784623 -0.0295014 0.000189688 0 0.961674 4.78815e-06 -3.42328 1 0 0 2.70853e-05 2.96983e-05
105 0.0181759 0.000275959 9.79984e-05 0.0699567 0.000256626 0.00914936 0.78633 0.784623 -0.0321257 0.00020795 0 0.960315 5.81977e-06 -3.55228 1 0 0 3.28895e-05 3.25463e-05
110 0.0195839 0.000290181 0.000118002 0.0632319 0.000256677 0.00958504 0.786496 0.784623 -0.034872 0.000227065 0 0.95676 7.00972e-06 -3.68275 1 0 0 3.95768e-05 3.5524e-05
115 0.0210644 0.000305136 0.000140917 0.0571457 0.000256731 0.0100207 0.78667 0.784623 -0.0377427 0.000247046 0 0.951209 8.3732e-06 -3.81476 1 0 0 4.72309e-05 3.86328e-05
115 0.0210644 0.000302085 0.000143378 0.0140023 0.000256737 0.0100643 0.786687 0.784623 -0.0190831 0.00024908 0 0.473922 8.52031e-06 -3.81476 1 0 0 4.72309e-05 3.86328e-05
115 0.0210644 0.000299064 0.000140917 0 0.000256731 0.0100207 0.78667 0.784623 0 0.000247023 0 0 8.3732e-06 -3.81476 1 0 0 4.72309e-05 3.86328e-05
120 0.0225902 0.000314476 0.000167003 0.053708 0.000256787 0.0104564 0.786851 0.784623 -0.0408162 0.000268068 0 0.963042 9.9252e-06 -3.95574 1 0 0 5.59396e-05 4.19005e-05
125 0.0241947 0.000330683 0.000196552 0.0485827 0.000256846 0.0108921 0.78704 0.784623 -0.0439416 0.000289804 0 0.953888 1.16839e-05 -4.0906 1 0 0 6.57938e-05 4.52741e-05
130 0.0258819 0.000347725 0.000229848 0.043914 0.000256906 0.0113278 0.787237 0.784623 -0.0471946 0.000312385 0 0.943295 1.3666e-05 -4.22683 1 0 0 7.68868e-05 4.87744e-05
135 0.027656 0.000365645 0.00026719 0.0396882 0.000256969 0.0117635 0.787441 0.784623 -0.0505777 0.000335827 0 0.931412 1.58893e-05 -4.36451 1 0 0 8.93156e-05 5.24028e-05
140 0.0295215 0.000384489 0.00030889 0.0358682 0.000257035 0.0121991 0.787653 0.784623 -0.0540926 0.000360131 0 0.918391 1.83723e-05 -4.50365 1 0 0 0.00010318 5.61592e-05
145 0.0314832 0.000404304 0.000355268 0.032416 0.000257103 0.0126348 0.787873 0.784623 -0.0577406 0.000385296 0 0.904371 2.11342e-05 -4.64422 1 0 0 0.000118584 6.00426e-05
150 0.033546 0.00042514 0.000406656 0.0292962 0.000257173 0.0130705 0.7881 0.784623 -0.0615231 0.00041132 0 0.889483 2.41949e-05 -4.78621 1 0 0 0.000135631 6.40521e-05
155 0.0357062 0.000442579 0.000463392 0.0269823 0.000257246 0.0135062 0.788335 0.784623 -0.0654754 0.00043826 0 0.882668 2.7574e-05 -4.93216 1 0 0 0.000154432 6.81963e-05
160 0.0379643 0.000465388 0.000525836 0.0244127 0.000257321 0.0139419 0.788578 0.784623 -0.0695323 0.000466018 0 0.866234 3.12936e-05 -5.07695 1 0 0 0.000175099 7.24587e-05
165 0.0403387 0.000489372 0.000594352 0.0220661 0.000257398 0.0143776 0.788828 0.784623 -0.073726 0.000494606 0 0.849252 3.53753e-05 -5.22298 1 0 0 0.000197743 7.68404e-05
170 0.0428355 0.000514592 0.000669312 0.019943 0.000257478 0.0148132 0.789086 0.784623 -0.0780594 0.000524041 0 0.831822 3.98412e-05 -5.37036 1 0 0 0.000222481 8.13433e-05
175 0.045461 0.000541112 0.000751098 0.0180239 0.00025756 0.0152489 0.789351 0.784623 -0.0825339 0.000554322 0 0.814028 4.4714e-05 -5.51909 1 0 0 0.000249429 8.59665e-05
180 0.0482218 0.000568999 0.000840104 0.0162896 0.000257644 0.0156846 0.789624 0.784623 -0.087151 0.000585448 0 0.79595 5.00174e-05 -5.66916 1 0 0 0.000278708 9.07087e-05
185 0.0511248 0.000598323 0.000936733 0.0147222 0.000257731 0.0161203 0.789905 0.784623 -0.0919118 0.000617415 0 0.777657 5.57752e-05 -5.82056 1 0 0 0.000310438 9.55685e-05
190 0.0541775 0.000629158 0.0010414 0.0133056 0.00025782 0.016556 0.790193 0.784623 -0.0968178 0.00065022 0 0.759217 6.20122e-05 -5.97328 1 0 0 0.000344741 0.000100544
195 0.0573875 0.000661582 0.00115452 0.0120253 0.000257911 0.0169917 0.790488 0.784623 -0.10187 0.000683859 0 0.740688 6.87536e-05 -6.12732 1 0 0 0.000381741 0.000105635
200 0.0607629 0.000695677 0.00127653 0.0108682 0.000258005 0.0174273 0.790791 0.784623 -0.10707 0.000718331 0 0.722123 7.6025e-05 -6.28266 1 0 0 0.000421562 0.000110838
205 0.0643122 0.000731529 0.00140787 0.00982243 0.0002581 0.017863 0.791102 0.784623 -0.11242 0.00075363 0 0.703573 8.38528e-05 -6.43931 1 0 0 0.00046433 0.000116153
210 0.0680445 0.000769229 0.001549 0.00887728 0.000258199 0.0182987 0.79142 0.784623 -0.117919 0.000789753 0 0.68508 9.22638e-05 -6.59725 1 0 0 0.000510169 0.000121578
215 0.0719691 0.000808871 0.00170036 0.00802307 0.000258299 0.0187344 0.791745 0.784623 -0.12357 0.000826697 0 0.666684 0.000101286 -6.75648 1 0 0 0.000559203 0.00012711
220 0.076096 0.000850557 0.00186243 0.00725105 0.000258402 0.0191701 0.792078 0.784623 -0.129375 0.000864458 0 0.648422 0.000110946 -6.91701 1 0 0 0.000611559 0.000132748
225 0.0804356 0.000894391 0.00203569 0.00655329 0.000258507 0.0196058 0.792419 0.784623 -0.135333 0.000903032 0 0.630325 0.000121273 -7.07882 1 0 0 0.000667358 0.00013849
230 0.0849988 0.000940484 0.00222061 0.00592267 0.000258615 0.0200414 0.792767 0.784623 -0.141447 0.000942415 0 0.612421 0.000132296 -7.24191 1 0 0 0.000726724 0.000144334
235 0.0897972 0.000988953 0.0024177 0.00535272 0.000258724 0.0204771 0.793122 0.784623 -0.147718 0.000982602 0 0.594736 0.000144045 -7.40629 1 0 0 0.000789777 0.000150277
240 0.0948429 0.00103992 0.00262745 0.0048376 0.000258836 0.0209128 0.793485 0.784623 -0.154148 0.00102359 0 0.577291 0.000156549 -7.57196 1 0 0 0.000856635 0.000156319
245 0.100149 0.00109351 0.00285037 0.00437204 0.000258951 0.0213485 0.793855 0.784623 -0.160737 0.00106537 0 0.560108 0.000169838 -7.7389 1 0 0 0.000927414 0.000162455
250 0.105728 0.00114987 0.00308699 0.00395127 0.000259067 0.0217842 0.794233 0.784623 -0.167487 0.00110795 0 0.543201 0.000183945 -7.90712 1 0 0 0.00100223 0.000168685
255 0.111594 0.00120913 0.00333783 0.00357098 0.000259186 0.0222199 0.794618 0.784623 -0.174399 0.00115131 0 0.526588 0.000198899 -8.07663 1 0 0 0.00108118 0.000175005
260 0.117763 0.00127144 0.00360341 0.00322728 0.000259307 0.0226555 0.79501 0.784623 -0.181475 0.00119546 0 0.510279 0.000214734 -8.24742 1 0 0 0.00116437 0.000181412
265 0.12425 0.00133696 0.00388429 0.00291665 0.000259431 0.0230912 0.79541 0.784623 -0.188717 0.00124038 0 0.494285 0.00023148 -8.4195 1 0 0 0.00125191 0.000187905
270 0.131072 0.00140587 0.00418101 0.0026359 0.000259556 0.0235269 0.795817 0.784623 -0.196124 0.00128607 0 0.478617 0.000249172 -8.59286 1 0 0 0.00134388 0.00019448
275 0.138244 0.00147832 0.00449412 0.00238217 0.000259684 0.0239626 0.796231 0.784623 -0.203699 0.00133254 0 0.463279 0.000267841 -8.7675 1 0 0 0.00144037 0.000201135
280 0.145787 0.0015545 0.00482419 0.00215286 0.000259814 0.0243983 0.796653 0.784623 -0.211444 0.00137976 0 0.44828 0.000287523 -8.94344 1 0 0 0.00154146 0.000207867
285 0.153718 0.00163462 0.00517179 0.00194561 0.000259946 0.024834 0.797081 0.784623 -0.219358 0.00142775 0 0.433622 0.00030825 -9.12066 1 0 0 0.00164721 0.000214671
290 0.162058 0.00171886 0.00553748 0.0017583 0.000260081 0.0252696 0.797518 0.784623 -0.227445 0.00147648 0 0.419308 0.000330057 -9.29918 1 0 0 0.00175768 0.000221546
295 0.170827 0.00180744 0.00592186 0.00158901 0.000260218 0.0257053 0.797961 0.784623 -0.235705 0.00152596 0 0.405342 0.000352978 -9.47899 1 0 0 0.00187292 0.000228488
300 0.180049 0.00190059 0.00632551 0.00143602 0.000260357 0.026141 0.798412 0.784623 -0.244139 0.00157619 0 0.391723 0.00037705 -9.66009 1 0 0 0.00199297 0.000235493
305 0.189746 0.00199854 0.00674903 0.00129775 0.000260498 0.0265767 0.79887 0.784623 -0.25275 0.00162715 0 0.378452 0.000402308 -9.8425 1 0 0 0.00211786 0.000242558
310 0.199943 0.00210153 0.00719302 0.00117279 0.000260642 0.0270124 0.799335 0.784623 -0.261538 0.00167884 0 0.365528 0.000428786 -10.0262 1 0 0 0.00224758 0.000249678
315 0.210665 0.00220984 0.00765808 0.00105986 0.000260787 0.0274481 0.799807 0.784623 -0.270504 0.00173125 0 0.352949 0.000456523 -10.2112 1 0 0 0.00238214 0.000256851
320 0.221939 0.00232372 0.00814482 0.000957792 0.000260935 0.0278838 0.800287 0.784623 -0.279651 0.00178439 0 0.340713 0.000485554 -10.3975 1 0 0 0.00252151 0.000264071
325 0.233795 0.00244348 0.00865386 0.000865552 0.000261085 0.0283194 0.800773 0.784623 -0.288979 0.00183823 0 0.328817 0.000515916 -10.5852 1 0 0 0.00266566 0.000271335
330 0.246262 0.0025694 0.00918583 0.00078219 0.000261237 0.0287551 0.801267 0.784623 -0.29849 0.00189279 0 0.317257 0.000547646 -10.7741 1 0 0 0.00281451 0.000278637
335 0.259371 0.00270182 0.00974136 0.000706853 0.000261392 0.0291908 0.801768 0.784623 -0.308186 0.00194805 0 0.30603 0.000580783 -10.9643 1 0 0 0.002968 0.000285975
340 0.273156 0.00284106 0.0103211 0.000638769 0.000261548 0.0296265 0.802276 0.784623 -0.318067 0.002004 0 0.29513 0.000615363 -11.1559 1 0 0 0.00312602 0.000293341
345 0.287563 0.0029576 0.0109256 0.00058895 0.000261707 0.0300622 0.802791 0.784623 -0.328146 0.00206067 0 0.287429 0.000651424 -11.3492 1 0 0 0.00328862 0.000300741
350 0.302653 0.00311002 0.0115556 0.000532229 0.000261868 0.0304979 0.803313 0.784623 -0.338402 0.00211799 0 0.277067 0.000689007 -11.5433 1 0 0 0.00345564 0.000308159
355 0.31852 0.0032703 0.0122117 0.000480956 0.000262031 0.0309335 0.803842 0.784623 -0.348848 0.00217599 0 0.267022 0.00072815 -11.7388 1 0 0 0.00362677 0.000315591
360 0.335205 0.00343884 0.0128946 0.00043462 0.000262197 0.0313692 0.804378 0.784623 -0.359484 0.00223466 0 0.257287 0.00076889 -11.9356 1 0 0 0.0038018 0.000323032
365 0.35275 0.00361606 0.0136049 0.000392746 0.000262364 0.0318049 0.804922 0.784623 -0.370314 0.002294 0 0.247856 0.000811268 -12.1338 1 0 0 0.0039805 0.000330476
370 0.3712 0.00380242 0.0143432 0.000354904 0.000262533 0.0322406 0.805472 0.784623 -0.381337 0.00235399 0 0.238723 0.000855323 -12.3333 1 0 0 0.00416259 0.000337918
375 0.3906 0.00399838 0.0151104 0.000320707 0.000262705 0.0326763 0.806029 0.784623 -0.392555 0.00241464 0 0.229882 0.000901095 -12.5341 1 0 0 0.00434777 0.00034535
380 0.411 0.00420443 0.0159069 0.000289803 0.000262879 0.033112 0.806593 0.784623 -0.40397 0.00247593 0 0.221326 0.000948623 -12.7362 1 0 0 0.0045357 0.000352765
385 0.432108 0.00433313 0.0167334 0.00027262 0.000263055 0.0335476 0.807164 0.784623 -0.415599 0.00253789 0 0.217376 0.000997946 -12.9402 1 0 0 0.0047271 0.000360182
390 0.45417 0.00451088 0.0175908 0.00025125 0.000263233 0.0339833 0.807742 0.784623 -0.427418 0.00260047 0 0.211322 0.00104911 -13.1452 1 0 0 0.00492102 0.000367574
395 0.477185 0.00474335 0.0184795 0.000227126 0.000263413 0.034419 0.808327 0.784623 -0.43943 0.00266365 0 0.203349 0.00110215 -13.3513 1 0 0 0.00511725 0.000374939
400 0.501386 0.0049878 0.0194004 0.000205235 0.000263595 0.0348547 0.808919 0.784623 -0.451643 0.00272745 0 0.195642 0.0011571 -13.5587 1 0 0 0.00531472 0.000382261
405 0.526834 0.00524485 0.0203541 0.000185452 0.000263779 0.0352904 0.809518 0.784623 -0.464058 0.00279187 0 0.188196 0.00121402 -13.7674 1 0 0 0.00551293 0.000389533
410 0.553593 0.00551515 0.0213412 0.000167576 0.000263966 0.0357261 0.810123 0.784623 -0.476679 0.00285688 0 0.181003 0.00127294 -13.9775 1 0 0 0.00571129 0.000396746
415 0.581617 0.00568397 0.0223625 0.000157533 0.000264154 0.0361617 0.810735 0.784623 -0.489518 0.00292252 0 0.177591 0.0013339 -14.1893 1 0 0 0.00590965 0.000403903
420 0.610617 0.0059769 0.0234186 0.000142438 0.000264345 0.0365974 0.811354 0.784623 -0.502551 0.00298873 0 0.170751 0.00139694 -14.402 1 0 0 0.00610885 0.000411009
425 0.641112 0.00628492 0.0245102 0.000128705 0.000264537 0.0370331 0.81198 0.784623 -0.515791 0.00305552 0 0.164148 0.00146211 -14.6161 1 0 0 0.00630645 0.000418032
430 0.673177 0.00660882 0.0256381 0.000116296 0.000264732 0.0374688 0.812613 0.784623 -0.529241 0.00312289 0 0.157777 0.00152944 -14.8315 1 0 0 0.0065017 0.000424963
435 0.706896 0.00694941 0.0268029 0.000105083 0.000264929 0.0379045 0.813252 0.784623 -0.542901 0.00319082 0 0.151632 0.00159898 -15.0482 1 0 0 0.00669382 0.000431792
440 0.742352 0.00730755 0.0280054 9.49505e-05 0.000265127 0.0383402 0.813898 0.784623 -0.556773 0.00325932 0 0.145705 0.00167077 -15.2662 1 0 0 0.00688198 0.000438508
445 0.779635 0.00768415 0.0292461 8.57945e-05 0.000265328 0.0387758 0.814551 0.784623 -0.570858 0.00332837 0 0.13999 0.00174485 -15.4856 1 0 0 0.0070653 0.000445102
450 0.81884 0.00808016 0.0305258 7.75209e-05 0.000265531 0.0392115 0.81521 0.784623 -0.585157 0.00339797 0 0.134481 0.00182126 -15.7063 1 0 0 0.00724288 0.000451562
455 0.860065 0.00849658 0.0318453 7.00448e-05 0.000265736 0.0396472 0.815876 0.784623 -0.599671 0.00346811 0 0.129171 0.00190005 -15.9283 1 0 0 0.00741375 0.000457876
455 0.860065 0.00841161 0.0318453 0 0.000265736 0.0396472 0.815876 0.784623 0 0.00346696 0 0 0.00190005 -15.9283 1 0 0 0.00741375 0.000457876
460 0.902982 0.00884511 0.0332052 6.45745e-05 0.000265942 0.0400829 0.816549 0.784623 -0.614407 0.0035388 0 0.125308 0.00198126 -16.1517 1 0 0 0.00757914 0.000464065
465 0.94811 0.00930095 0.0346062 5.83463e-05 0.000266151 0.0405186 0.817228 0.784623 -0.629355 0.00361 0 0.12033 0.00206493 -16.3764 1 0 0 0.00773598 0.000470084
470 0.995564 0.00978028 0.036049 5.27185e-05 0.000266362 0.0409543 0.817914 0.784623 -0.644522 0.00368172 0 0.115534 0.0021511 -16.6023 1 0 0 0.00788322 0.000475924
475 1.04546 0.0102843 0.0375343 4.76333e-05 0.000266575 0.0413899 0.818606 0.784623 -0.659908 0.00375396 0 0.110916 0.00223981 -16.8296 1 0 0 0.0080198 0.000481571
480 1.09793 0.0108143 0.0390628 4.30383e-05 0.000266789 0.0418256 0.819305 0.784623 -0.675516 0.0038267 0 0.10647 0.00233111 -17.0582 1 0 0 0.00814464 0.000487011
485 1.15311 0.0113716 0.0406353 3.88864e-05 0.000267006 0.0422613 0.82001 0.784623 -0.691345 0.00389993 0 0.10219 0.00242504 -17.2881 1 0 0 0.00825666 0.000492233
490 1.21113 0.0119577 0.0422524 3.51349e-05 0.000267225 0.042697 0.820722 0.784623 -0.707396 0.00397366 0 0.0980709 0.00252165 -17.5192 1 0 0 0.00835477 0.00049722
495 1.27214 0.0125739 0.0439148 3.17451e-05 0.000267445 0.0431327 0.82144 0.784623 -0.723672 0.00404786 0 0.0941069 0.00262096 -17.7517 1 0 0 0.00843792 0.000501959
500 1.33616 0.0130897 0.0456232 2.92604e-05 0.000267668 0.0435684 0.822165 0.784623 -0.740176 0.00412255 0 0.0912051 0.00272303 -17.9855 1 0 0 0.00850581 0.000506446
505 1.40267 0.0136267 0.0473783 2.69776e-05 0.000267893 0.044004 0.822896 0.784623 -0.756906 0.00419771 0 0.088383 0.0028279 -18.2207 1 0 0 0.0085614 0.000510714
510 1.47219 0.0143289 0.0491809 2.43745e-05 0.000268119 0.0444397 0.823634 0.784623 -0.773859 0.00427332 0 0.0847827 0.00293561 -18.457 1 0 0 0.00860165 0.000514722
515 1.5453 0.0150674 0.0510316 2.20224e-05 0.000268347 0.0448754 0.824378 0.784623 -0.791039 0.00434938 0 0.0813204 0.00304621 -18.6946 1 0 0 0.00862329 0.000518426
520 1.62218 0.0158439 0.0529311 1.98972e-05 0.000268578 0.0453111 0.825128 0.784623 -0.808448 0.00442589 0 0.0779914 0.00315972 -18.9335 1 0 0 0.00862546 0.00052181
525 1.70301 0.0166604 0.0548802 1.79769e-05 0.00026881 0.0457468 0.825885 0.784623 -0.826087 0.00450283 0 0.0747911 0.00327621 -19.1736 1 0 0 0.00860742 0.000524859
530 1.78801 0.017519 0.0568795 1.62419e-05 0.000269044 0.0461825 0.826648 0.784623 -0.843956 0.00458021 0 0.071715 0.00339571 -19.415 1 0 0 0.0085685 0.000527555
535 1.8774 0.0184219 0.0589297 1.46743e-05 0.00026928 0.0466181 0.827417 0.784623 -0.862055 0.004658 0 0.0687586 0.00351825 -19.6576 1 0 0 0.00850819 0.000529882
540 1.97139 0.0193713 0.0610314 1.32579e-05 0.000269518 0.0470538 0.828192 0.784623 -0.880387 0.00473621 0 0.0659177 0.00364389 -19.9015 1 0 0 0.0084261 0.000531823
545 2.07022 0.0203696 0.0631855 1.19781e-05 0.000269758 0.0474895 0.828974 0.784623 -0.898952 0.00481483 0 0.0631882 0.00377267 -20.1466 1 0 0 0.00832199 0.000533363
550 2.17414 0.0214193 0.0653926 1.08218e-05 0.000269999 0.0479252 0.829762 0.784623 -0.917749 0.00489385 0 0.0605661 0.00390462 -20.393 1 0 0 0.00819583 0.000534483
555 2.28343 0.0225232 0.0676533 9.77714e-06 0.000270243 0.0483609 0.830556 0.784623 -0.936782 0.00497327 0 0.0580475 0.00403979 -20.6406 1 0 0 0.00804776 0.000535169
560 2.39834 0.023684 0.0699684 8.83324e-06 0.000270488 0.0487966 0.831356 0.784623 -0.956048 0.00505306 0 0.0556286 0.00417822 -20.8893 1 0 0 0.00787811 0.000535403
565 2.51918 0.0249045 0.0723386 7.98043e-06 0.000270735 0.0492322 0.832162 0.784623 -0.975551 0.00513324 0 0.0533057 0.00431996 -21.1394 1 0 0 0.00768746 0.000535169
570 2.64624 0.026188 0.0747644 7.20992e-06 0.000270984 0.0496679 0.832975 0.784623 -0.995289 0.00521378 0 0.0510754 0.00446503 -21.3906 1 0 0 0.00747659 0.000534452
575 2.77985 0.0275376 0.0772467 6.51376e-06 0.000271235 0.0501036 0.833793 0.784623 -1.01526 0.00529469 0 0.0489343 0.00461349 -21.643 1 0 0 0.00724652 0.000533237
580 2.91978 0.0286672 0.0797861 6.00428e-06 0.000271488 0.0505393 0.834618 0.784623 -1.03548 0.00537595 0 0.0473524 0.00476538 -21.8966 1 0 0 0.00700131 0.000531551
585 3.06604 0.0301446 0.0823831 5.42449e-06 0.000271742 0.050975 0.835449 0.784623 -1.05593 0.00545756 0 0.0453597 0.00492073 -22.1513 1 0 0 0.00674358 0.000529403
590 3.21676 0.0301446 0.0850386 5.31064e-06 0.000271998 0.0514107 0.836285 0.784623 -1.07663 0.00553953 0 0.0452296 0.00507959 -22.4074 1 0 0 0.00648465 0.000526945
595 3.36749 0.0301446 0.0877532 5.30505e-06 0.000272256 0.0518464 0.837128 0.784623 -1.09756 0.00562182 0 0.0455517 0.005242 -22.6647 1 0 0 0.00624526 0.000524508
600 3.51821 0.0301446 0.0905276 5.29945e-06 0.000272516 0.052282 0.837976 0.784623 -1.11874 0.00570445 0 0.0458725 0.00540799 -22.923 1 0 0 0.00602392 0.000522092
605 3.66893 0.0301446 0.0933623 5.29382e-06 0.000272778 0.0527177 0.838831 0.784623 -1.14015 0.00578739 0 0.046192 0.00557761 -23.1826 1 0 0 0.00581928 0.000519695
610 3.81966 0.0301446 0.0962581 5.28817e-06 0.000273041 0.0531534 0.839691 0.784623 -1.16181 0.00587064 0 0.0465101 0.0057509 -23.4432 1 0 0 0.00563007 0.000517318
615 3.97038 0.0301446 0.0992157 5.2825e-06 0.000273306 0.0535891 0.840558 0.784623 -1.18371 0.00595419 0 0.0468269 0.0059279 -23.705 1 0 0 0.00545515 0.00051496
620 4.1211 0.0301446 0.102236 5.27681e-06 0.000273573 0.0540248 0.84143 0.784623 -1.20584 0.00603804 0 0.0471423 0.00610865 -23.9678 1 0 0 0.00529344 0.000512621
625 4.27183 0.0301446 0.105319 5.2711e-06 0.000273841 0.0544605 0.842308 0.784623 -1.22822 0.00612217 0 0.0474563 0.00629318 -24.2318 1 0 0 0.00514397 0.000510301
630 4.42255 0.0301446 0.108465 5.26537e-06 0.000274112 0.0548961 0.843192 0.784623 -1.25084 0.00620659 0 0.0477691 0.00648155 -24.4968 1 0 0 0.00500582 0.000508
635 4.57327 0.0301446 0.111676 5.25962e-06 0.000274384 0.0553318 0.844081 0.784623 -1.27371 0.00629127 0 0.0480804 0.00667377 -24.7629 1 0 0 0.00487818 0.000505717
640 4.72369 0.0301446 0.114952 5.25416e-06 0.000274657 0.0557675 0.844977 0.784623 -1.29681 0.00637623 0 0.0483904 0.00686991 -25.0301 1 0 0 0.0047613 0.000503473
645 4.87442 0.0301446 0.118293 5.24808e-06 0.000274933 0.0562032 0.845878 0.784623 -1.32016 0.00646144 0 0.0486991 0.00706998 -25.2983 1 0 0 0.00465234 0.000501225
650 5.02514 0.0301446 0.121701 5.24227e-06 0.00027521 0.0566389 0.846785 0.784623 -1.34375 0.0065469 0 0.0490064 0.00727404 -25.5676 1 0 0 0.00455177 0.000498995
655 5.17586 0.0301446 0.125176 5.23646e-06 0.000275489 0.0570746 0.847697 0.784623 -1.36758 0.00663261 0 0.0493123 0.00748212 -25.8379 1 0 0 0.00445897 0.000496782
660 5.32659 0.0301446 0.128717 5.23062e-06 0.000275769 0.0575102 0.848615 0.784623 -1.39165 0.00671856 0 0.0496169 0.00769426 -26.1092 1 0 0 0.0043734 0.000494587
665 5.47731 0.0301446 0.132327 5.22477e-06 0.000276051 0.0579459 0.849539 0.784623 -1.41597 0.00680473 0 0.0499201 0.00791049 -26.3815 1 0 0 0.00429453 0.000492408
670 5.62803 0.0301446 0.136006 5.2189e-06 0.000276335 0.0583816 0.850468 0.784623 -1.44054 0.00689113 0 0.0502219 0.00813086 -26.6548 1 0 0 0.00422189 0.000490245
675 5.77875 0.0301446 0.139754 5.21301e-06 0.000276621 0.0588173 0.851403 0.784623 -1.46534 0.00697774 0 0.0505224 0.0083554 -26.9291 1 0 0 0.00415506 0.000488099
680 5.92948 0.0301446 0.143572 5.20711e-06 0.000276908 0.059253 0.852344 0.784623 -1.49039 0.00706456 0 0.0508214 0.00858414 -27.2044 1 0 0 0.00409361 0.00048597
685 6.07238 0.0280967 0.14746 6.10896e-06 0.000277197 0.0596887 0.85329 0.784623 -1.5157 0.00715162 0 0.055399 0.00881712 -27.4809 1 0 0 0.00406024 0.000484364
690 6.21573 0.0295447 0.151419 5.51851e-06 0.000277487 0.0601243 0.854242 0.784623 -1.54122 0.00723881 0 0.0529893 0.0090544 -27.7579 1 0 0 0.00402842 0.000482729
695 6.36555 0.0301446 0.15545 5.1893e-06 0.000277779 0.06056 0.855199 0.784623 -1.567 0.00732621 0 0.0517105 0.00929599 -28.0359 1 0 0 0.00398101 0.000480689
700 6.51628 0.0301446 0.159554 5.18333e-06 0.000278072 0.0609957 0.856161 0.784623 -1.59302 0.0074138 0 0.0520041 0.00954192 -28.3149 1 0 0 0.0039351 0.000478607
705 6.667 0.0301446 0.16373 5.17735e-06 0.000278368 0.0614314 0.857129 0.784623 -1.61928 0.00750156 0 0.0522963 0.00979225 -28.5948 1 0 0 0.00389313 0.00047654
710 6.81772 0.0301446 0.167979 5.17135e-06 0.000278664 0.0618671 0.858103 0.784623 -1.64579 0.00758948 0 0.0525871 0.010047 -28.8757 1 0 0 0.00385483 0.000474489
715 6.96845 0.0301446 0.172302 5.16534e-06 0.000278963 0.0623028 0.859081 0.784623 -1.67254 0.00767757 0 0.0528766 0.0103062 -29.1574 1 0 0 0.00381995 0.000472452
720 7.11917 0.0301446 0.1767 5.15931e-06 0.000279263 0.0627384 0.860065 0.784623 -1.69954 0.00776581 0 0.0531647 0.0105699 -29.44 1 0 0 0.00378826 0.00047043
725 7.26989 0.0301446 0.181173 5.15327e-06 0.000279564 0.0631741 0.861055 0.784623 -1.72677 0.0078542 0 0.0534514 0.0108381 -29.7234 1 0 0 0.00375953 0.000468423
730 7.42062 0.0301446 0.185722 5.14722e-06 0.000279867 0.0636098 0.86205 0.784623 -1.75425 0.00794273 0 0.0537367 0.0111109 -30.0077 1 0 0 0.00373358 0.00046643
735 7.57134 0.0301446 0.190346 5.14115e-06 0.000280172 0.0640455 0.86305 0.784623 -1.78197 0.0080314 0 0.0540206 0.0113883 -30.2929 1 0 0 0.00371021 0.000464451
740 7.72206 0.0301446 0.195048 5.13507e-06 0.000280478 0.0644812 0.864055 0.784623 -1.80993 0.00812019 0 0.0543032 0.0116703 -30.5788 1 0 0 0.00368925 0.000462485
745 7.87278 0.0301446 0.199826 5.12897e-06 0.000280785 0.0649169 0.865065 0.784623 -1.83814 0.0082091 0 0.0545844 0.011957 -30.8655 1 0 0 0.00367052 0.000460534
750 8.02351 0.0301446 0.204683 5.12286e-06 0.000281095 0.0653525 0.866081 0.784623 -1.86658 0.00829813 0 0.0548642 0.0122484 -31.1531 1 0 0 0.00365389 0.000458596
755 8.17423 0.0301446 0.209617 5.11674e-06 0.000281405 0.0657882 0.867102 0.784623 -1.89527 0.00838726 0 0.0551426 0.0125445 -31.4414 1 0 0 0.0036392 0.000456672
760 8.32465 0.0301446 0.214631 5.21407e-06 0.000281717 0.0662239 0.868128 0.784623 -1.9242 0.0084765 0 0.0559795 0.0128453 -31.7305 1 0 0 0.00362716 0.000454779
765 8.47537 0.0301446 0.219723 5.10446e-06 0.000282031 0.0666596 0.869159 0.784623 -1.95336 0.00856583 0 0.0556953 0.013151 -32.0203 1 0 0 0.00361592 0.00045288
770 8.6261 0.0301446 0.224896 5.0983e-06 0.000282346 0.0670953 0.870195 0.784623 -1.98276 0.00865524 0 0.0559696 0.0134615 -32.3109 1 0 0 0.00360626 0.000450995
775 8.77682 0.0301446 0.230149 5.09213e-06 0.000282663 0.067531 0.871236 0.784623 -2.01241 0.00874475 0 0.0562425 0.0137768 -32.6022 1 0 0 0.00359806 0.000449122
780 8.92724 0.0301446 0.235482 5.18891e-06 0.000282981 0.0679666 0.872283 0.784623 -2.04229 0.00883433 0 0.057085 0.014097 -32.8942 1 0 0 0.00359205 0.000447279
785 9.07796 0.0301446 0.240897 5.07975e-06 0.0002833 0.0684023 0.873334 0.784623 -2.07241 0.00892398 0 0.0567842 0.0144221 -33.1869 1 0 0 0.00358641 0.000445431
790 9.22869 0.0301446 0.246394 5.07354e-06 0.000283621 0.068838 0.874391 0.784623 -2.10277 0.00901369 0 0.057053 0.0147522 -33.4802 1 0 0 0.00358195 0.000443595
795 9.37941 0.0301446 0.251973 5.06732e-06 0.000283944 0.0692737 0.875452 0.784623 -2.13336 0.00910346 0 0.0573204 0.0150873 -33.7743 1 0 0 0.00357858 0.000441771
800 9.53013 0.0301446 0.257635 5.06109e-06 0.000284268 0.0697094 0.876518 0.784623 -2.16419 0.00919329 0 0.0575865 0.0154273 -34.0689 1 0 0 0.0035762 0.00043996
805 9.68086 0.0301446 0.26338 5.05486e-06 0.000284593 0.0701451 0.877589 0.784623 -2.19526 0.00928316 0 0.0578512 0.0157724 -34.3643 1 0 0 0.00357476 0.00043816
810 9.83158 0.0301446 0.269208 5.04861e-06 0.000284919 0.0705807 0.878666 0.784623 -2.22655 0.00937307 0 0.0581145 0.0161226 -34.6602 1 0 0 0.00357417 0.000436371
815 9.9823 0.0301446 0.275121 5.04235e-06 0.000285248 0.0710164 0.879746 0.784623 -2.25809 0.00946302 0 0.0583764 0.0164778 -34.9568 1 0 0 0.00357436 0.000434595
820 10.133 0.0301446 0.281118 5.03607e-06 0.000285577 0.0714521 0.880832 0.784623 -2.28986 0.00955299 0 0.058637 0.0168382 -35.2539 1 0 0 0.00357528 0.000432829
825 10.2837 0.0301446 0.2872 5.02979e-06 0.000285908 0.0718878 0.881923 0.784623 -2.32186 0.00964299 0 0.0588962 0.0172037 -35.5516 1 0 0 0.00357686 0.000431075
830 10.4345 0.0301446 0.293368 5.0235e-06 0.00028624 0.0723235 0.883018 0.784623 -2.35409 0.00973301 0 0.059154 0.0175744 -35.8499 1 0 0 0.00357904 0.000429332
835 10.5852 0.0301446 0.299621 5.01721e-06 0.000286574 0.0727592 0.884119 0.784623 -2.38655 0.00982304 0 0.0594105 0.0179502 -36.1488 1 0 0 0.00358178 0.0004276
840 10.7359 0.0301446 0.305961 5.0109e-06 0.000286909 0.0731948 0.885224 0.784623 -2.41924 0.00991307 0 0.0596656 0.0183313 -36.4482 1 0 0 0.00358501 0.000425878
845 10.8866 0.0301446 0.312387 5.00458e-06 0.000287245 0.0736305 0.886333 0.784623 -2.45216 0.0100031 0 0.0599194 0.0187177 -36.7481 1 0 0 0.0035887 0.000424168
850 11.0374 0.0301446 0.3189 4.99825e-06 0.000287582 0.0740662 0.887448 0.784623 -2.48532 0.0100931 0 0.0601717 0.0191094 -37.0485 1 0 0 0.00359279 0.000422468
855 11.1881 0.0301446 0.325501 4.99192e-06 0.000287921 0.0745019 0.888567 0.784623 -2.51869 0.0101832 0 0.0604228 0.0195063 -37.3494 1 0 0 0.00359725 0.000420778
860 11.3388 0.0301446 0.33219 4.98557e-06 0.000288262 0.0749376 0.88969 0.784623 -2.5523 0.0102732 0 0.0606725 0.0199086 -37.6508 1 0 0 0.00360203 0.000419099
865 11.4895 0.0301446 0.338967 4.97922e-06 0.000288603 0.0753733 0.890818 0.784623 -2.58613 0.0103632 0 0.0609208 0.0203162 -37.9526 1 0 0 0.00360709 0.00041743
870 11.6403 0.0301446 0.345833 4.97286e-06 0.000288946 0.0758089 0.891951 0.784623 -2.62019 0.0104531 0 0.0611678 0.0207293 -38.2549 1 0 0 0.0036124 0.000415771
875 11.791 0.0301446 0.352787 4.96649e-06 0.00028929 0.0762446 0.893089 0.784623 -2.65447 0.0105431 0 0.0614135 0.0211477 -38.5576 1 0 0 0.00361793 0.000414122
880 11.9417 0.0301446 0.359831 4.96012e-06 0.000289636 0.0766803 0.894231 0.784623 -2.68897 0.0106329 0 0.0616578 0.0215716 -38.8607 1 0 0 0.00362364 0.000412483
885 12.0924 0.0301446 0.366965 4.95374e-06 0.000289983 0.077116 0.895377 0.784623 -2.72369 0.0107228 0 0.0619007 0.0220009 -39.1643 1 0 0 0.0036295 0.000410853
890 12.2428 0.0301446 0.374189 4.94735e-06 0.000290331 0.0775517 0.896528 0.784623 -2.75864 0.0108126 0 0.0621424 0.0224356 -39.4682 1 0 0 0.00363636 0.000409248
895 12.3936 0.0301446 0.381504 4.94095e-06 0.00029068 0.0779874 0.897684 0.784623 -2.7938 0.0109024 0 0.0623826 0.0228759 -39.7725 1 0 0 0.00364238 0.000407638
900 12.5443 0.0301446 0.388909 4.93454e-06 0.000291031 0.0784231 0.898844 0.784623 -2.82919 0.0109921 0 0.0626216 0.0233217 -40.0772 1 0 0 0.00364848 0.000406037
905 12.695 0.0301446 0.396405 4.92813e-06 0.000291382 0.0788587 0.900008 0.784623 -2.86479 0.0110817 0 0.0628592 0.0237731 -40.3822 1 0 0 0.00365463 0.000404445
910 12.8457 0.0301446 0.403993 4.92172e-06 0.000291736 0.0792944 0.901177 0.784623 -2.90061 0.0111713 0 0.0630955 0.02423 -40.6876 1 0 0 0.00366081 0.000402863
915 12.9965 0.0301446 0.411673 4.91529e-06 0.00029209 0.0797301 0.90235 0.784623 -2.93664 0.0112608 0 0.0633305 0.0246925 -40.9933 1 0 0 0.00366699 0.000401289
920 13.1472 0.0301446 0.419444 4.90887e-06 0.000292445 0.0801658 0.903527 0.784623 -2.97289 0.0113502 0 0.0635641 0.0251606 -41.2993 1 0 0 0.00367315 0.000399725
925 13.2979 0.0301446 0.427308 4.90243e-06 0.000292802 0.0806015 0.904709 0.784623 -3.00935 0.0114396 0 0.0637965 0.0256343 -41.6055 1 0 0 0.00367927 0.00039817
930 13.4486 0.0301446 0.435265 4.89599e-06 0.00029316 0.0810372 0.905895 0.784623 -3.04602 0.0115289 0 0.0640275 0.0261136 -41.9121 1 0 0 0.00368535 0.000396623
935 13.5994 0.0301446 0.443315 4.88954e-06 0.000293519 0.0814728 0.907085 0.784623 -3.08291 0.0116181 0 0.0642572 0.0265987 -42.2189 1 0 0 0.00369135 0.000395085
940 13.7501 0.0301446 0.451459 4.88309e-06 0.000293879 0.0819085 0.90828 0.784623 -3.12 0.0117071 0 0.0644856 0.0270894 -42.5259 1 0 0 0.00369727 0.000393556
945 13.9005 0.0301446 0.459696 4.87663e-06 0.000294241 0.0823442 0.909478 0.784623 -3.1573 0.0117961 0 0.0647127 0.0275858 -42.8332 1 0 0 0.00370399 0.000392049
950 14.0512 0.0301446 0.468026 4.87017e-06 0.000294603 0.0827799 0.910681 0.784623 -3.19481 0.011885 0 0.0649385 0.0280879 -43.1407 1 0 0 0.00370963 0.000390537
955 14.2019 0.0301446 0.476451 4.86371e-06 0.000294967 0.0832156 0.911889 0.784623 -3.23253 0.0119738 0 0.065163 0.0285958 -43.4484 1 0 0 0.00371515 0.000389033
960 14.3509 0.0301446 0.484971 4.85751e-06 0.000295332 0.0836513 0.9131 0.784623 -3.27044 0.0120625 0 0.065386 0.0291095 -43.7563 1 0 0 0.00372607 0.000387618
965 14.5016 0.0301446 0.493585 4.85076e-06 0.000295698 0.0840869 0.914315 0.784623 -3.30857 0.0121511 0 0.065608 0.0296289 -44.0644 1 0 0 0.00373096 0.00038613
970 14.6523 0.0301446 0.502294 4.84428e-06 0.000296066 0.0845226 0.915535 0.784623 -3.34689 0.0122395 0 0.0658287 0.0301541 -44.3726 1 0 0 0.00373571 0.000384649
975 14.803 0.0301446 0.511098 4.8378e-06 0.000296434 0.0849583 0.916758 0.784623 -3.38542 0.0123279 0 0.066048 0.0306851 -44.681 1 0 0 0.00374031 0.000383177
980 14.9538 0.0301446 0.519998 4.83131e-06 0.000296803 0.085394 0.917986 0.784623 -3.42414 0.0124161 0 0.066266 0.0312219 -44.9895 1 0 0 0.00374474 0.000381712
985 15.1045 0.0301446 0.528994 4.82482e-06 0.000297174 0.0858297 0.919218 0.784623 -3.46306 0.0125041 0 0.0664828 0.0317646 -45.2982 1 0 0 0.00374901 0.000380256
990 15.2552 0.0301446 0.538085 4.81833e-06 0.000297546 0.0862654 0.920453 0.784623 -3.50218 0.0125921 0 0.0666983 0.0323132 -45.6069 1 0 0 0.00375309 0.000378807
995 15.4059 0.0301446 0.547273 4.81183e-06 0.000297919 0.086701 0.921693 0.784623 -3.54149 0.0126799 0 0.0669125 0.0328676 -45.9158 1 0 0 0.00375698 0.000377366
1000 15.5567 0.0301446 0.556556 4.80533e-06 0.000298292 0.0871367 0.922937 0.784623 -3.581 0.0127675 0 0.0671254 0.0334279 -46.2247 1 0 0 0.00376068 0.000375932
1005 15.7074 0.0301446 0.565937 4.79883e-06 0.000298667 0.0875724 0.924184 0.784623 -3.6207 0.0128551 0 0.0673371 0.0339941 -46.5337 1 0 0 0.00376418 0.000374507
1005 15.7074 0.0298432 0.565937 0 0.000298667 0.0875724 0.924184 0.784623 0 0.0128481 0 0 0.0339941 -46.5337 1 0 0 0.00376418 0.000374507
1010 15.8578 0.0301446 0.575414 4.79232e-06 0.000299044 0.0880081 0.925436 0.784623 -3.66059 0.0129424 0 0.0675475 0.0345662 -46.8428 1 0 0 0.00376841 0.000373101
1015 16.0085 0.0301446 0.584988 4.78581e-06 0.000299421 0.0884438 0.926691 0.784623 -3.70067 0.0130296 0 0.0677567 0.0351442 -47.1518 1 0 0 0.00377142 0.00037169
1020 16.1592 0.0301446 0.59466 4.7793e-06 0.000299799 0.0888795 0.92795 0.784623 -3.74094 0.0131167 0 0.0679646 0.0357282 -47.461 1 0 0 0.00377421 0.000370286
1025 16.31 0.0301446 0.604429 4.77279e-06 0.000300178 0.0893151 0.929213 0.784623 -3.78139 0.0132036 0 0.0681713 0.0363182 -47.7701 1 0 0 0.00377677 0.00036889
1030 16.4607 0.0301446 0.614295 4.76627e-06 0.000300558 0.0897508 0.93048 0.784623 -3.82203 0.0132904 0 0.0683767 0.0369141 -48.0792 1 0 0 0.00377911 0.000367501
1035 16.6111 0.0301446 0.624259 4.75975e-06 0.00030094 0.0901865 0.931751 0.784623 -3.86285 0.0133769 0 0.0685809 0.037516 -48.3883 1 0 0 0.0037822 0.000366131
1040 16.7615 0.0301446 0.634321 4.75349e-06 0.000301322 0.0906222 0.933026 0.784623 -3.90386 0.0134634 0 0.0687837 0.0381239 -48.6974 1 0 0 0.00378502 0.000364769
1045 16.9123 0.0301446 0.644481 4.74672e-06 0.000301705 0.0910579 0.934304 0.784623 -3.94505 0.0135496 0 0.0689856 0.0387378 -49.0065 1 0 0 0.00378652 0.0003634
1050 17.063 0.0301446 0.65474 4.74019e-06 0.000302089 0.0914936 0.935586 0.784623 -3.98641 0.0136357 0 0.0691861 0.0393577 -49.3155 1 0 0 0.0037878 0.000362039
1055 17.2137 0.0301446 0.665096 4.73367e-06 0.000302475 0.0919292 0.936871 0.784623 -4.02795 0.0137215 0 0.0693853 0.0399837 -49.6245 1 0 0 0.00378883 0.000360685
1060 17.3644 0.0301446 0.675551 4.72715e-06 0.000302861 0.0923649 0.938161 0.784623 -4.06967 0.0138072 0 0.0695834 0.0406157 -49.9333 1 0 0 0.00378962 0.000359337
1065 17.5107 0.0292493 0.686105 5.11614e-06 0.000303248 0.0928006 0.939454 0.784623 -4.11157 0.0138928 0 0.0726424 0.0412537 -50.2422 1 0 0 0.00380538 0.000358173
1070 17.6596 0.0301446 0.696758 4.7141e-06 0.000303637 0.0932363 0.94075 0.784623 -4.15363 0.0139781 0 0.0699758 0.0418978 -50.5508 1 0 0 0.00381069 0.000356906
1070 17.6596 0.0298432 0.696758 0 0.000303637 0.0932363 0.94075 0.784623 0 0.0139704 0 0 0.0418978 -50.5508 1 0 0 0.00381069 0.000356906
1070 17.6596 0.0295447 0.698902 4.97244e-06 0.000303719 0.0933234 0.94101 0.784623 -4.16305 0.0139939 0 0.070672 0.0420294 -50.5508 1 0 0 0.00381069 0.000356906
1070 17.6596 0.0292493 0.696758 0 0.000303637 0.0932363 0.94075 0.784623 0 0.0139704 0 0 0.0418978 -50.5508 1 0 0 0.00381069 0.000356906
1070 17.6596 0.0289568 0.696758 0 0.000303637 0.0932363 0.94075 0.784623 0 0.0139704 0 0 0.0418978 -50.5508 1 0 0 0.00381069 0.000356906
